特征: [[5.1, 3.5, 1.4], [4.9, 3.0, 1.4], [4.7, 3.2, 1.3], [4.6, 3.1, 1.5], [5.0, 3.6, 1.4], [7.0, 3.2, 4.7], [6.4, 3.2, 4.5], [6.9, 3.1, 4.9], [5.5, 2.3, 4.0], [6.5, 2.8, 4.6]]
标签: [0, 0, 0, 0, 0, 1, 1, 1, 1, 1]
样本数: 10
特征维度: 3
正负样本: 5 5
方差: [0.7984000000000002, 0.11800000000000006, 2.5121]
筛选结果: [[[5.1, 3.5, 1.4], 0], [[7.0, 3.2, 4.7], 1], [[6.4, 3.2, 4.5], 1], [[6.9, 3.1, 4.9], 1], [[5.5, 2.3, 4.0], 1], [[6.5, 2.8, 4.6], 1]]
训练集数量: 7
测试集数量: 3
k = 1
预测: [0, 0, 1]
真实: [0, 0, 1]
Acc: 1.0 Pre: 1.0 Rec: 1.0 F1: 1.0
------------------------------
k = 3
预测: [0, 0, 1]
真实: [0, 0, 1]
Acc: 1.0 Pre: 1.0 Rec: 1.0 F1: 1.0
------------------------------
k = 5
预测: [0, 0, 1]
真实: [0, 0, 1]
Acc: 1.0 Pre: 1.0 Rec: 1.0 F1: 1.0
------------------------------